MDL16CS001 :7.03192
MDL16CS002 :7.10638
MDL16CS003 :5.19149
MDL16CS004 :5.09575
MDL16CS005 :3.95745
MDL16CS006 :6.96809
MDL16CS007 :7.73404
MDL16CS008 :4.56383
MDL16CS009 :6.97872
MDL16CS010 :6.68085
MDL16CS011 :5.6383
MDL16CS012 :7.28723
MDL16CS013 :7.42554
MDL16CS014 :2.14893
MDL16CS015 :7.24468
MDL16CS016 :6.87234
MDL16CS017 :6.45745
MDL16CS018 :5.98936
MDL16CS019 :6.43617
MDL16CS020 :7.34042
MDL16CS021 :7.62766
MDL16CS022 :6.47872
MDL16CS023 :7.93617
MDL16CS024 :4.88298
MDL16CS025 :6.67021
MDL16CS026 :6.5532
MDL16CS027 :7
MDL16CS028 :7.61702
MDL16CS029 :7.30851
MDL16CS030 :6.62766
MDL16CS031 :5.93617
MDL16CS032 :7.51064
MDL16CS033 :2.60638
MDL16CS034 :7.79788
MDL16CS035 :6.76595
MDL16CS036 :7.07447
MDL16CS037 :7.54255
MDL16CS038 :7.2234
MDL16CS039 :7.19149
MDL16CS040 :6.94681
MDL16CS041 :6.57447
MDL16CS042 :7.74468
MDL16CS043 :7.46809
MDL16CS044 :7.93617
MDL16CS045 :6.79788
MDL16CS046 :7.52128
MDL16CS047 :7.37234
MDL16CS048 :7.19149
MDL16CS049 :2.51064
MDL16CS050 :8.01064
MDL16CS051 :5.46809
MDL16CS052 :7.46808
MDL16CS053 :5.75532
MDL16CS054 :6.71277
MDL16CS055 :7.78723
MDL16CS056 :7.85107
MDL16CS057 :6.08511
MDL16CS058 :7.3617
MDL16CS059 :7.96808
MDL16CS060 :6.81915
MDL16CS061 :4.90426
MDL16CS062 :7.47872
MDL16CS063 :7.05319
MDL16CS064 :6.8617
MDL16CS065 :7.24468
MDL16CS066 :7.11702
MDL16CS067 :6.7766
MDL16CS068 :6.17021
MDL16CS069 :7.47873
MDL16CS070 :7.14893
MDL16CS071 :7.91489
MDL16CS072 :7.11702
MDL16CS073 :7.8617
MDL16CS074 :7.70213
MDL16CS075 :6.02128
MDL16CS076 :5.82979
MDL16CS077 :6.95745
MDL16CS078 :7.75532
MDL16CS079 :7.88298
MDL16CS080 :6.0851
MDL16CS081 :7.26596
MDL16CS082 :7.06383
MDL16CS083 :7.01064
MDL16CS084 :6.67021
MDL16CS085 :4.51064
MDL16CS086 :7.59574
MDL16CS087 :7.87234
MDL16CS088 :7.72341
MDL16CS089 :7.42553
MDL16CS090 :6.31915
MDL16CS091 :7.53191
MDL16CS092 :7.25532
MDL16CS093 :7.84042
MDL16CS094 :6.5
MDL16CS095 :7.59574
MDL16CS096 :7.44681
MDL16CS097 :6.69149
MDL16CS098 :3.41489
MDL16CS099 :7.56383
MDL16CS100 :7.39362
MDL16CS101 :7.31915
MDL16CS102 :6.61702
MDL16CS103 :7.1383
MDL16CS104 :5.68085
MDL16CS105 :7.1383
MDL16CS106 :7.32979
MDL16CS107 :7.29787
MDL16CS108 :7.46809
MDL16CS109 :8.08511
MDL16CS110 :8
MDL16CS111 :7.35106
MDL16CS112 :7.20213
MDL16CS113 :6.3617
MDL16CS114 :6.38298
MDL16CS115 :6.98936
MDL16CS116 :6.27659
MDL16CS117 :7.30851
MDL16CS118 :6.45745
MDL16CS119 :7.21276
MDL16CS121 :2.25532
MDL16CS122 :7.11702
MDL16CS123 :7.64894
